predicted_decoder_texts 
[11 25  1 25  5 11 17 13 14 14 23 24 13 17 17  4 10  1 24 23]
[ 0  0  7 21 22  0 17  8 21 14  4 11 18  9  7 19  7 14  6 17]
[11 12  1  0  5 11  6 13 21 14 23  2 18 17  7  4 10  1 24 23]
[11 12  1  0 22 11 17  8 21 22 23 11 18 17 17  4  7  1  6 17]
[11 12  7  0 22 11 17  8 22 14 23  2 13 17  1  4  8 14  6 23]
decoder_output_texts 
[11 12  1 18  5 11  6 13 14 22 23  2 13 17 17  4 10  1 10 23]
[16  0  7 19 22  1 17  8 11 13  4 11 13  9  1 17 14 14  6 17]
[ 0  0 18  2  0 20 20 20 22 14 10 21 13 12  7 18  8  0 24 23]
[ 9 17  8 23  0 13  6  5 21  9 12 24 19 24 12 25  7 13 14 18]
[17  4 11 15  2 13 18 16 10 20 13 14 18  4 21 23  1 19 20  6]

encoder_input_texts 
[[26 11 16  0  9 17 27]
 [26 12  0  0 17  4 27]
 [26  1  7 18  8 11 27]
 [26 18 19  2 23 15 27]
 [26  5 22  0  0  2 27]
 [26 11  1 20 13 13 27]
 [26  6 17 20  6 18 27]
 [26 13  8 20  5 16 27]
 [26 14 11 22 21 10 27]
 [26 22 13 14  9 20 27]
 [26 23  4 10 12 13 27]
 [26  2 11 21 24 14 27]
 [26 13 13 13 19 18 27]
 [26 17  9 12 24  4 27]
 [26 17  1  7 12 21 27]
 [26  4 17 18 25 23 27]
 [26 10 14  8  7  1 27]
 [26  1 14  0 13 19 27]
 [26 10  6 24 14 20 27]
 [26 23 17 23 18  6 27]]
 
 ----------------------

predicted_decoder_texts 
[14 25 15  4 25  5 24  1 24 25 20 25  3 11 13  8  6 17  6  8]
[14 12 22  4 12 19 24 22 21 12  1 12 19 12  8 12  0 15 22 12]
[16  0 15 15 12  5  5  1  2 25  8 12  3 11  7  8  0 17 22  8]
[16 12 15  4 19  5 24 22  2 18  1 12  3 11  8  8  0 15  6  8]
[16 18 15  4 12  5  1  1  2 12  1 12  3 11  8  8  6 15  6  8]


==> all words in 1 sentence are the same ?? <=== score weights are the same


decoder_output_texts 
[16 19 15 15 18  5  1  1 25 18 23 19  3 11 22  8 21 17  6  8]
[14 21 22  4 20  9 24 22 13 13  1 19 19  3  1 19  6 15  6 19]
[ 6  7  1  5  1 21  5 14 21  6 23  0  6 16 13 10 22 12 22  3]
[18  6 25 24  9 13 12 23 24 15 20 18 25  1  7 21  0 20  1 18]
[17  6 25 18  3  0  6 14  2 18  8  4  8 19  8 22  4 20 11  1]

encoder_input_texts 
[[26 16 14  6 18 17 27]
 [26 19 21  7  6  6 27]
 [26 15 22  1 25 25 27]
 [26 15  4  5 24 18 27]
 [26 18 20  1  9  3 27]
 [26  5  9 21 13  0 27]
 [26  1 24  5 12  6 27]
 [26  1 22 14 23 14 27]
 [26 25 13 21 24  2 27]
 [26 18 13  6 15 18 27]
 [26 23  1 23 20  8 27]
 [26 19 19  0 18  4 27]
 [26  3 19  6 25  8 27]
 [26 11  3 16  1 19 27]
 [26 22  1 13  7  8 27]
 [26  8 19 10 21 22 27]
 [26 21  6 22  0  4 27]
 [26 17 15 12 20 20 27]
 [26  6  6 22  1 11 27]
 [26  8 19  3 18  1 27]]
 
 
 ----------------------------
 
Score weight 1[[[-6.11495209][-0.875798225][-3.09291697][1.22533166][1.29236805][6.54228401][1.02345526]]]
Score weight 2[[[3.13788269e-06][0.000591523945][6.44302854e-05][0.00483594649][0.00517124264][0.985381722][0.00395191507]]]
Train in batch
predicted_decoder_texts [15]
decoder_output_texts [12]
Score weight 1[[[-6.13249159][-0.774610221][-3.00001931][1.24564016][1.24048746][6.53909445][0.881662]]]
Score weight 2[[[3.09494226e-06][0.000656978227][7.09688757e-05][0.00495375553][0.0049282955][0.98594451][0.00344239525]]]
Train in batch
predicted_decoder_texts [15]
decoder_output_texts [19]
Score weight 1[[[-6.11800528][-0.637851357][-2.90135384][1.28715324][1.17352438][6.51196527][0.684325099]]]
Score weight 2[[[3.22727283e-06][0.00077417][8.0502592e-05][0.00530707417][0.00473703677][0.986193597][0.00290435879]]]
Train in batch
predicted_decoder_texts [15]
decoder_output_texts [20]
Score weight 1[[[-6.11068296][-0.527987719][-2.8151257][1.3250314][1.11680627][6.4894352][0.522275388]]]
Score weight 2[[[3.32535865e-06][0.000883837696][8.97596401e-05][0.00563804246][0.00457822671][0.98628056][0.00252636382]]]
Train in batch
predicted_decoder_texts [15]
decoder_output_texts [0]
Score weight 1[[[-6.12415695][-0.510224223][-2.78547478][1.31582642][1.08228278][6.50806856][0.513419747]]]
Score weight 2[[[3.22177129e-06][0.000883475353][9.07958383e-05][0.00548577774][0.00434321584][0.986734509][0.00245899358]]]
Train in batch
predicted_decoder_texts [15]
decoder_output_texts [12]
encoder_input_texts [[26 12 19 20  0 12 27]]